  0.60000000000000009        2.2727272727272729        1.1000000000000001        1.8750000000000000     
  0.44727272727272727       0.55681818181818188       0.29477272727272730       0.98977272727272725     
  0.11463636363636365       0.33739669421487606       0.24411363636363637       0.24565340909090905     
   8.2562396694214835E-002   9.9610020661156984E-002   8.1232283057851240E-002  0.15703796487603305     
   2.6207458677685924E-002   5.7718961307287486E-002   4.2177277892562093E-002   4.7507793130165177E-002
   1.4207351709241145E-002   1.9173465087340080E-002   1.5764167179282640E-002   2.6916770226803055E-002
   5.0701799445904694E-003   1.0065620869902592E-002   7.4504938732625758E-003   9.1605703051628184E-003
   2.4966608616427965E-003   3.6365804303035709E-003   2.9366551064247126E-003   4.7059195603712523E-003
   9.5098906431523300E-004   1.7773704226526910E-003   1.3335821713960083E-003   1.7307995496670392E-003
   4.4445347654431533E-004   6.7972453497366914E-004   5.4101481009494190E-004   8.3321167991934342E-004
   1.7617541551628868E-004   3.1682757512685455E-004   2.4018431679817542E-004   3.2252355187700754E-004
   7.9719620872165109E-005   1.2581185344950896E-004   9.9170195803632843E-005   1.4883338027238402E-004
   3.2415224505588647E-005   5.6853632499631601E-005   4.3408447546577911E-005   5.9575719518978332E-005
   1.4367052759367560E-005   2.3140984600988901E-005   1.8125980102867700E-005   2.6746168130586945E-005
   5.9392944806724302E-006   1.0248321568262497E-005   7.8621258250421988E-006   1.0943616738257056E-005
   2.5972573216570538E-006   4.2392973198523975E-006   3.3070527267753391E-006   4.8258863163397336E-006
   1.0853402772070808E-006   1.8529062724148559E-006   1.4259698277729882E-006   2.0031180858470776E-006
   4.7048459284049216E-007   7.7460585101718493E-007   6.0267049117879168E-007   8.7308608065495008E-007
   1.9799468342629467E-007   3.3567393886713148E-007   2.5886611176861862E-007   3.6581100537613764E-007
   8.5340616240436873E-008   1.4129943748386609E-007   1.0974743114289254E-007   1.5823599086584039E-007
   3.6079429999169577E-008   6.0890547270986417E-008   4.7021666116364713E-008   6.6705717949311349E-008
   1.5493388016984966E-008   2.5747113552299083E-008   1.9975512577374843E-008   2.8711663491165496E-008
   6.5698139151137980E-009   1.1054898996221141E-008   8.5445552855389906E-009   1.2152106654284012E-008
   2.8144010455477542E-009   4.6882442372719879E-009   3.6346632370509724E-009   5.2136565065197260E-009
   1.1957570489329328E-009   2.0081849516628836E-009   1.5530701169552685E-009   2.2124245768750939E-009
   5.1143245194396059E-010   8.5328211163471224E-010   6.6121230712923307E-010   9.4720320475971675E-010
   2.1757073920269931E-010   3.6493230659573328E-010   2.8233493321039305E-010   4.0263214984292972E-010
   9.2960195097191445E-011   1.5525469798660652E-010   1.2027046025764321E-010   1.7214141223576007E-010
   3.9579450827886831E-011   6.6332050963069378E-011   5.1331827677358888E-011   7.3254291521607229E-011
   1.6899592836239208E-011   2.8242963523439357E-011   2.1874724254189459E-011   3.1290969815245262E-011
   7.1992412031818276E-012   1.2059020448873525E-011   9.3334229234187660E-012   1.3325562875365904E-011
   3.0725422206501207E-012   5.1374460241504494E-012   3.9783731864417859E-012   5.6887827781793021E-012
   1.3095080575453721E-012   2.1926904736346842E-012   1.6970869154420143E-012   2.4238389073616418E-012
   5.5877524829384129E-013   9.3458574212945678E-013   7.2342132284575200E-013   1.0343947920432583E-012
   2.3814283878209608E-013   3.9857006584043120E-013   3.0841995624086849E-013   4.4086956307864966E-013
   1.0158540675320182E-013   1.6964207816272392E-013   1.3133938381315602E-013   1.8807178037150152E-013
   4.3187675657918589E-014   7.2386541205560206E-014   5.5844218138645374E-014   8.0158102377936302E-014
   1.8318679906315083E-014   3.0642155479654321E-014   2.3758772726978350E-014   3.4305891460917337E-014
   7.7715611723760958E-015   1.2878587085651816E-014   1.0214051826551440E-014   1.4543921622589551E-014
   3.3306690738754696E-015   5.5511151231257827E-015   4.3298697960381105E-015   6.2172489379008766E-015
   1.4432899320127035E-015   2.4424906541753444E-015   1.8873791418627661E-015   2.6645352591003757E-015
   5.5511151231257827E-016   1.1102230246251565E-015   7.7715611723760958E-016   1.1102230246251565E-015
   2.2204460492503131E-016   2.2204460492503131E-016   3.3306690738754696E-016   4.4408920985006262E-016
