   1.7333202674802470E-002  -1.1632120558828558       -9.0909090909090384E-003 -0.23593932861012848     
 -0.10392836871662327        8.9301477587187525E-002 -0.13870560714603161       0.31633056069532428     
   3.5859437573496099E-002 -0.14288735784701209        6.8445309974529966E-002  -3.8225509147472483E-002
  -2.6678821799179818E-002   2.4765040685104791E-002  -2.4939835962407106E-002   4.5813810410274478E-002
   7.2393345274909468E-003  -2.2342044680011622E-002   1.3313857996129799E-002  -9.2480856012692909E-003
  -4.6938665701361073E-003   5.5233513528380584E-003  -4.6349725765669984E-003   7.4246707123434225E-003
   1.4291173655714049E-003  -3.7171354317990942E-003   2.3689800033281543E-003  -1.9698658084307159E-003
  -8.1171740355645756E-004   1.1185094150514743E-003  -8.6997810205894721E-004   1.2506622090052958E-003
   2.7567829450737802E-004  -6.3716787893852635E-004   4.2035893093254201E-004  -3.9204583249266046E-004
  -1.4199613881728354E-004   2.1662090972873966E-004  -1.6206574059383328E-004   2.1580895098557957E-004
   5.2105958094106632E-005  -1.1133454456070403E-004   7.5068156611994119E-005  -7.5285003985403230E-005
  -2.5134953555190097E-005   4.0949287965136285E-005  -2.9953139349788005E-005   3.7870782359573239E-005
   9.7132904122427175E-006  -1.9710352675337772E-005   1.3483501048269792E-005  -1.4163301561834152E-005
  -4.4885504528664833E-006   7.6309172317390578E-006  -5.5049210208903375E-006   6.7239008344645539E-006
   1.7947039525179817E-006  -3.5208099602998894E-006   2.4319174432212804E-006  -2.6316513471087768E-006
  -8.0645712139879139E-007   1.4095313947397174E-006  -1.0079708416467288E-006   1.2034126425857342E-006
   3.2973338603295644E-007  -6.3272253727420236E-007   4.3985722230658570E-007  -4.8521473727550490E-007
  -1.4549167512260826E-007   2.5891458731226854E-007  -1.8411875002732052E-007   2.1654641421453193E-007
   6.0361439761124878E-008  -1.1416594784544235E-007   7.9704326556998915E-008  -8.9024944269714388E-008
  -2.6319587842803630E-008   4.7390930732955279E-008  -3.3579128517343121E-008   3.9106600249911445E-008
   1.1024092133737287E-008  -2.0654846729731466E-008   1.4460509030068320E-008  -1.6282712142540298E-008
  -4.7698151450801610E-009   8.6544771698331739E-009  -6.1178707836314919E-009   7.0791909202063230E-009
   2.0103448085293143E-009  -3.7434651879485362E-009   2.6256325458448383E-009  -2.9720990337721964E-009
  -8.6544152625519812E-010   1.5781348731019887E-009  -1.1138963580136180E-009   1.2835083058431754E-009
   3.6624607824835888E-010  -6.7924940311807244E-010   4.7699365012707185E-010  -5.4179005573826778E-010
  -1.5714867576342095E-010   2.8749524373939345E-010  -2.0272291835496185E-010   2.3294920222672690E-010
   6.6680514920028142E-011  -1.2334311024686087E-010   8.6684316680060817E-011  -9.8680085582603500E-011
  -2.8549873358454064E-011   5.2341515253485213E-011  -3.6884123704272962E-011   4.2307461735331778E-011
   1.2135144309353249E-011  -2.2408697857022120E-011   1.5756726957105942E-011  -1.7963371075923266E-011
  -5.1884997420595623E-012   9.5254512801171431E-012  -6.7096045969994329E-012   7.6871357476257177E-012
   2.2078710357741722E-012  -4.0724863392655440E-012   2.8645420332394130E-012  -3.2688108088228002E-012
  -9.4313443749020467E-013   1.7330453602099088E-012  -1.2204015891000067E-012   1.3971322958509079E-012
   4.0162989602090211E-013  -7.4027821360311162E-013   5.2081800268030515E-013  -5.9468889351270300E-013
  -1.7146161995452571E-013   3.1525312493738432E-013  -2.2196011031173298E-013   2.5397585852342460E-013
   7.3051397056654270E-014  -1.3458311997291010E-013   9.4698681300640893E-014  -1.0817413601409630E-013
  -3.1174565348574555E-014   5.7340308841015636E-014  -4.0366875501539270E-014   4.6174355395403212E-014
   1.3286130449491094E-014  -2.4469527358287587E-014   1.7219462843323553E-014  -1.9674953597703643E-014
  -5.6683950557817640E-015   1.0428666928420331E-014  -7.3410977767282275E-015   8.3954537456835161E-015
   2.4162801852020390E-015  -4.4492444378823176E-015   3.1311713592231863E-015  -3.5782916672420039E-015
  -1.0307110389248480E-015   1.8966045296582738E-015  -1.3350192625258690E-015   1.5265474371629507E-015
   4.3942244611047141E-016  -8.0902831908117817E-016   5.6937923103563606E-016  -6.5075770706847974E-016
  -1.8742387521450705E-016   3.4491430786529065E-016  -2.4277723161303406E-016   2.7758201012570311E-016
