  0.10000000000000001        0.0000000000000000        0.0000000000000000        0.0000000000000000     
  0.10000000000000001        9.0909090909090922E-003  -2.0000000000000000E-002   0.0000000000000000     
  0.10490909090909091        7.2727272727272727E-003  -1.9090909090909092E-002  -5.9090909090909090E-003
  0.10454545454545454        9.4132231404958685E-003  -2.0845454545454549E-002  -5.1136363636363636E-003
  0.10511041322314049        9.0037190082644623E-003  -2.0479132231404958E-002  -6.1356404958677691E-003
  0.10499619834710743        9.3671093163035304E-003  -2.0735274793388429E-002  -5.9362861570247932E-003
  0.10508376589030803        9.2790710931630344E-003  -2.0656157353493611E-002  -6.1045753427873776E-003
  0.10505913858001503        9.3401213241069581E-003  -2.0699303603024043E-002  -6.0616713291228395E-003
  0.10507387285301550        9.3222589967599540E-003  -2.0683982716504592E-002  -6.0899584469181148E-003
  0.10506902244297692        9.3327059524786603E-003  -2.0691544515618918E-002  -6.0813449633480565E-003
  0.10507157949837165        9.3292284379456521E-003  -2.0688668389682325E-002  -6.0862077966318626E-003
  0.10507065652173102        9.3310485907804469E-003  -2.0690013835542951E-002  -6.0845442129399095E-003
  0.10507110762618663        9.3303886659097997E-003  -2.0689480866562148E-002  -6.0853949509855360E-003
  0.10507093503990342        9.3307101465982811E-003  -2.0689722153744899E-002  -6.0850808580364436E-003
  0.10507101544540880        9.3305868600243504E-003  -2.0689624079124499E-002  -6.0852315741924679E-003
  0.10507098350182734        9.3306441898965177E-003  -2.0689667560498570E-002  -6.0851730823996940E-003
  0.10507099793108936        9.3306213807752576E-003  -2.0689649589615784E-002  -6.0852000162735153E-003
  0.10507099205600068        9.3306316718449189E-003  -2.0689657449767699E-002  -6.0851892164926948E-003
  0.10507099465713803        9.3306274777919147E-003  -2.0689654165664914E-002  -6.0851940581628065E-003
  0.10507099358091217        9.3306293332692299E-003  -2.0689655589464694E-002  -6.0851920748800827E-003
  0.10507099405121986        9.3306285650988849E-003  -2.0689654990343521E-002  -6.0851929486590477E-003
  0.10507099385457859        9.3306289006230437E-003  -2.0689655248599989E-002  -6.0851925857050224E-003
  0.10507099393978230        9.3306287602812413E-003  -2.0689655139423915E-002  -6.0851927438086402E-003
  0.10507099390391290        9.3306288210713000E-003  -2.0689655186309198E-002  -6.0851926775334544E-003
  0.10507099391936896        9.3306287954730959E-003  -2.0689655166428796E-002  -6.0851927061903871E-003
  0.10507099391283307        9.3306288065010280E-003  -2.0689655174945521E-002  -6.0851926941060102E-003
  0.10507099391563920        9.3306288018368717E-003  -2.0689655171327113E-002  -6.0851926993060763E-003
  0.10507099391444912        9.3306288038391191E-003  -2.0689655172874761E-002  -6.0851926971047157E-003
  0.10507099391495886        9.3306288029898644E-003  -2.0689655172216385E-002  -6.0851926980490141E-003
  0.10507099391474226        9.3306288033535925E-003  -2.0689655172497688E-002  -6.0851926976482479E-003
  0.10507099391483490        9.3306288031990287E-003  -2.0689655172377919E-002  -6.0851926978198086E-003
  0.10507099391479549        9.3306288032651286E-003  -2.0689655172429062E-002  -6.0851926977468756E-003
  0.10507099391481231        9.3306288032370052E-003  -2.0689655172407274E-002  -6.0851926977780555E-003
  0.10507099391480516        9.3306288032490182E-003  -2.0689655172416565E-002  -6.0851926977647866E-003
  0.10507099391480820        9.3306288032439059E-003  -2.0689655172412606E-002  -6.0851926977704522E-003
  0.10507099391480693        9.3306288032460865E-003  -2.0689655172414296E-002  -6.0851926977680409E-003
  0.10507099391480748        9.3306288032451602E-003  -2.0689655172413578E-002  -6.0851926977690696E-003
  0.10507099391480723        9.3306288032455557E-003  -2.0689655172413886E-002  -6.0851926977686325E-003
  0.10507099391480734        9.3306288032453857E-003  -2.0689655172413755E-002  -6.0851926977688198E-003
  0.10507099391480730        9.3306288032454603E-003  -2.0689655172413814E-002  -6.0851926977687383E-003
  0.10507099391480730        9.3306288032454273E-003  -2.0689655172413789E-002  -6.0851926977687747E-003
  0.10507099391480730        9.3306288032454394E-003  -2.0689655172413796E-002  -6.0851926977687591E-003
   0.0000000000000000        9.0909090909090912E-002   0.0000000000000000        0.0000000000000000     
   9.0909090909090905E-003   9.0909090909090912E-002   9.0909090909090905E-003  -3.4090909090909088E-002
   7.2727272727272727E-003  0.10185950413223140        3.8636363636363634E-003  -3.2954545454545452E-002
   9.4132231404958668E-003  0.10090909090909089        5.4359504132231399E-003  -3.7714359504132232E-002
   9.0037190082644623E-003  0.10254475018782870        4.4368285123966931E-003  -3.7161415289256192E-002
   9.3671093163035322E-003  0.10226589030803906        4.7375896882043593E-003  -3.7899677756386176E-002
   9.2790710931630344E-003  0.10252761202487877        4.5631993919045830E-003  -3.7757510154489103E-002
   9.3401213241069599E-003  0.10246498190441228        4.6211959684063601E-003  -3.7877454585341468E-002
   9.3222589967599558E-003  0.10250851645895796        4.5907284670856901E-003  -3.7846718718103807E-002
   9.3327059524786586E-003  0.10249574032892336        4.6017279747334241E-003  -3.7866852613723523E-002
   9.3292284379456504E-003  0.10250318106985296        4.5963475810242519E-003  -3.7860686626504582E-002
   9.3310485907804452E-003  0.10250069417258943        4.5984037567457078E-003  -3.7864149453566830E-002
   9.3303886659098015E-003  0.10250199097347515        4.5974447537461705E-003  -3.7862959845127823E-002
   9.3307101465982811E-003  0.10250151935954904        4.5978253796527726E-003  -3.7863566020834911E-002
   9.3305868600243487E-003  0.10250174850806872        4.5976533045517572E-003  -3.7863341587374297E-002
   9.3306441898965194E-003  0.10250166044788173        4.5977233200645718E-003  -3.7863449027456801E-002
   9.3306213807752593E-003  0.10250170132657560        4.5976923040631883E-003  -3.7863407252947574E-002
   9.3306316718449224E-003  0.10250168504033465        4.5977051312077518E-003  -3.7863426459457949E-002
   9.3306274777919147E-003  0.10250169238012968        4.5976995237186850E-003  -3.7863418748724523E-002
   9.3306293332692317E-003  0.10250168938615310        4.5977018675821338E-003  -3.7863422202083795E-002
   9.3306285650988832E-003  0.10250169070973661        4.5977008517530844E-003  -3.7863420786359646E-002
   9.3306289006230454E-003  0.10250169016144826        4.5977012793179195E-003  -3.7863421409682095E-002
   9.3306287602812430E-003  0.10250169040081701        4.5977010950520071E-003  -3.7863421150628358E-002
   9.3306288210712983E-003  0.10250169030065620        4.5977011729626174E-003  -3.7863421263424873E-002
   9.3306287954730959E-003  0.10250169034402806        4.5977011395088724E-003  -3.7863421216125751E-002
   9.3306288065010314E-003  0.10250169032575993        4.5977011536956118E-003  -3.7863421236571916E-002
   9.3306288018368700E-003  0.10250169033362840        4.5977011476185945E-003  -3.7863421227948016E-002
   9.3306288038391208E-003  0.10250169033029995        4.5977011502006645E-003  -3.7863421231658326E-002
   9.3306288029898609E-003  0.10250169033172862        4.5977011490963378E-003  -3.7863421230087402E-002
   9.3306288033535960E-003  0.10250169033112258        4.5977011495661494E-003  -3.7863421230761189E-002
   9.3306288031990287E-003  0.10250169033138211        4.5977011493654194E-003  -3.7863421230475203E-002
   9.3306288032651268E-003  0.10250169033127182        4.5977011494508849E-003  -3.7863421230597612E-002
   9.3306288032370052E-003  0.10250169033131899        4.5977011494143950E-003  -3.7863421230545570E-002
   9.3306288032490199E-003  0.10250169033129893        4.5977011494299416E-003  -3.7863421230567823E-002
   9.3306288032439042E-003  0.10250169033130749        4.5977011494233054E-003  -3.7863421230558358E-002
   9.3306288032460882E-003  0.10250169033130385        4.5977011494261321E-003  -3.7863421230562390E-002
   9.3306288032451584E-003  0.10250169033130541        4.5977011494249282E-003  -3.7863421230560676E-002
   9.3306288032455557E-003  0.10250169033130474        4.5977011494254417E-003  -3.7863421230561412E-002
   9.3306288032453857E-003  0.10250169033130502        4.5977011494252222E-003  -3.7863421230561099E-002
   9.3306288032454568E-003  0.10250169033130491        4.5977011494253142E-003  -3.7863421230561231E-002
   9.3306288032454273E-003  0.10250169033130495        4.5977011494252760E-003  -3.7863421230561176E-002
   9.3306288032454394E-003  0.10250169033130492        4.5977011494252916E-003  -3.7863421230561196E-002
   0.0000000000000000        0.0000000000000000       0.10000000000000001        0.0000000000000000     
  -2.0000000000000000E-002   9.0909090909090922E-003  0.10000000000000001        1.2500000000000001E-002
  -1.9090909090909092E-002   3.8636363636363634E-003  0.10615909090909090        9.0909090909090905E-003
  -2.0845454545454542E-002   5.4359504132231399E-003  0.10511363636363635        1.1821022727272725E-002
  -2.0479132231404955E-002   4.4368285123966948E-003  0.10589478822314050        1.1100723140495867E-002
  -2.0735274793388429E-002   4.7375896882043576E-003  0.10564958161157026        1.1573037835743802E-002
  -2.0656157353493614E-002   4.5631993919045830E-003  0.10577811771107251        1.1429601568369648E-002
  -2.0699303603024043E-002   4.6211959684063593E-003  0.10573051156672615        1.1511064941919846E-002
  -2.0683982716504595E-002   4.5907284670856892E-003  0.10575308681163742        1.1483365457688384E-002
  -2.0691544515618915E-002   4.6017279747334250E-003  0.10574420593577834        1.1497612676297543E-002
  -2.0688668389682325E-002   4.5963475810242536E-003  0.10574824296822687        1.1492377751447258E-002
  -2.0690013835542947E-002   4.5984037567457061E-003  0.10574660621118362        1.1494900028144264E-002
  -2.0689480866562155E-002   4.5974447537461714E-003  0.10574733314559759        1.1493924367618313E-002
  -2.0689722153744899E-002   4.5978253796527726E-003  0.10574703308544889        1.1494374860544884E-002
  -2.0689624079124499E-002   4.5976533045517581E-003  0.10574716445476876        1.1494194618311322E-002
  -2.0689667560498576E-002   4.5977233200645709E-003  0.10574710960811121        1.1494275567639186E-002
  -2.0689649589615784E-002   4.5976923040631883E-003  0.10574713340087009        1.1494242455989687E-002
  -2.0689657449767702E-002   4.5977051312077492E-003  0.10574712339392844        1.1494257061085067E-002
  -2.0689654165664914E-002   4.5976995237186867E-003  0.10574712770918282        1.1494251000038151E-002
  -2.0689655589464694E-002   4.5977018675821320E-003  0.10574712588550868        1.1494253642253345E-002
  -2.0689654990343524E-002   4.5977008517530870E-003  0.10574712666887649        1.1494252535345285E-002
  -2.0689655248599989E-002   4.5977012793179195E-003  0.10574712633677855        1.1494253014202154E-002
  -2.0689655139423918E-002   4.5977010950520088E-003  0.10574712647907200        1.1494252812353098E-002
  -2.0689655186309198E-002   4.5977011729626174E-003  0.10574712641862530        1.1494252899239497E-002
  -2.0689655166428796E-002   4.5977011395088741E-003  0.10574712644448206        1.1494252862467181E-002
  -2.0689655174945525E-002   4.5977011536956110E-003  0.10574712643348336        1.1494252878244430E-002
  -2.0689655171327110E-002   4.5977011476185945E-003  0.10574712643818311        1.1494252871549565E-002
  -2.0689655172874764E-002   4.5977011502006645E-003  0.10574712643618225        1.1494252874415916E-002
  -2.0689655172216385E-002   4.5977011490963395E-003  0.10574712643703661        1.1494252873197532E-002
  -2.0689655172497691E-002   4.5977011495661486E-003  0.10574712643667265        1.1494252873718448E-002
  -2.0689655172377915E-002   4.5977011493654194E-003  0.10574712643682800        1.1494252873496777E-002
  -2.0689655172429058E-002   4.5977011494508866E-003  0.10574712643676180        1.1494252873591468E-002
  -2.0689655172407274E-002   4.5977011494143941E-003  0.10574712643679005        1.1494252873551143E-002
  -2.0689655172416568E-002   4.5977011494299407E-003  0.10574712643677801        1.1494252873568358E-002
  -2.0689655172412606E-002   4.5977011494233062E-003  0.10574712643678315        1.1494252873561024E-002
  -2.0689655172414299E-002   4.5977011494261347E-003  0.10574712643678094        1.1494252873564153E-002
  -2.0689655172413574E-002   4.5977011494249256E-003  0.10574712643678189        1.1494252873562818E-002
  -2.0689655172413883E-002   4.5977011494254417E-003  0.10574712643678148        1.1494252873563388E-002
  -2.0689655172413751E-002   4.5977011494252214E-003  0.10574712643678166        1.1494252873563145E-002
  -2.0689655172413810E-002   4.5977011494253159E-003  0.10574712643678159        1.1494252873563249E-002
  -2.0689655172413786E-002   4.5977011494252760E-003  0.10574712643678161        1.1494252873563206E-002
  -2.0689655172413793E-002   4.5977011494252916E-003  0.10574712643678161        1.1494252873563222E-002
   0.0000000000000000        0.0000000000000000        0.0000000000000000       0.12500000000000000     
   0.0000000000000000       -3.4090909090909088E-002   1.2500000000000001E-002  0.12500000000000000     
  -5.9090909090909090E-003  -3.2954545454545452E-002   9.0909090909090905E-003  0.13934659090909091     
  -5.1136363636363636E-003  -3.7714359504132232E-002   1.1821022727272727E-002  0.13849431818181818     
  -6.1356404958677682E-003  -3.7161415289256199E-002   1.1100723140495868E-002  0.14062051265495867     
  -5.9362861570247932E-003  -3.7899677756386176E-002   1.1573037835743802E-002  0.14032312112603307     
  -6.1045753427873776E-003  -3.7757510154489110E-002   1.1429601568369648E-002  0.14065900888811278     
  -6.0616713291228403E-003  -3.7877454585341461E-002   1.1511064941919842E-002  0.14058776650397961     
  -6.0899584469181148E-003  -3.7846718718103800E-002   1.1483365457688383E-002  0.14064292858724303     
  -6.0813449633480565E-003  -3.7866852613723530E-002   1.1497612676297547E-002  0.14062794020149996     
  -6.0862077966318626E-003  -3.7860686626504582E-002   1.1492377751447255E-002  0.14063727131468351     
  -6.0845442129399087E-003  -3.7864149453566830E-002   1.1494900028144265E-002  0.14063430470387012     
  -6.0853949509855360E-003  -3.7862959845127817E-002   1.1493924367618310E-002  0.14063591854860560     
  -6.0850808580364436E-003  -3.7863566020834911E-002   1.1494374860544885E-002  0.14063535048787523     
  -6.0852315741924679E-003  -3.7863341587374297E-002   1.1494194618311322E-002  0.14063563411538121     
  -6.0851730823996940E-003  -3.7863449027456801E-002   1.1494275567639186E-002  0.14063552742255428     
  -6.0852000162735179E-003  -3.7863407252947574E-002   1.1494242455989687E-002  0.14063557783125119     
  -6.0851892164926948E-003  -3.7863426459457943E-002   1.1494257061085065E-002  0.14063555802685404     
  -6.0851940581628074E-003  -3.7863418748724523E-002   1.1494251000038149E-002  0.14063556705493235     
  -6.0851920748800819E-003  -3.7863422202083795E-002   1.1494253642253344E-002  0.14063556340577646     
  -6.0851929486590486E-003  -3.7863420786359653E-002   1.1494252535345282E-002  0.14063556503106309     
  -6.0851925857050215E-003  -3.7863421409682088E-002   1.1494253014202153E-002  0.14063556436180302     
  -6.0851927438086394E-003  -3.7863421150628358E-002   1.1494252812353098E-002  0.14063556465540605     
  -6.0851926775334552E-003  -3.7863421263424880E-002   1.1494252899239497E-002  0.14063556453302978     
  -6.0851927061903871E-003  -3.7863421216125751E-002   1.1494252862467181E-002  0.14063556458618925     
  -6.0851926941060111E-003  -3.7863421236571909E-002   1.1494252878244429E-002  0.14063556456385556     
  -6.0851926993060763E-003  -3.7863421227948030E-002   1.1494252871549569E-002  0.14063556457349502     
  -6.0851926971047165E-003  -3.7863421231658319E-002   1.1494252874415915E-002  0.14063556456942422     
  -6.0851926980490150E-003  -3.7863421230087409E-002   1.1494252873197533E-002  0.14063556457117385     
  -6.0851926976482479E-003  -3.7863421230761182E-002   1.1494252873718446E-002  0.14063556457043247     
  -6.0851926978198077E-003  -3.7863421230475203E-002   1.1494252873496778E-002  0.14063556457075024     
  -6.0851926977468756E-003  -3.7863421230597612E-002   1.1494252873591465E-002  0.14063556457061530     
  -6.0851926977780538E-003  -3.7863421230545570E-002   1.1494252873551143E-002  0.14063556457067303     
  -6.0851926977647849E-003  -3.7863421230567816E-002   1.1494252873568356E-002  0.14063556457064849     
  -6.0851926977704531E-003  -3.7863421230558351E-002   1.1494252873561024E-002  0.14063556457065898     
  -6.0851926977680392E-003  -3.7863421230562404E-002   1.1494252873564153E-002  0.14063556457065451     
  -6.0851926977690705E-003  -3.7863421230560676E-002   1.1494252873562819E-002  0.14063556457065643     
  -6.0851926977686316E-003  -3.7863421230561418E-002   1.1494252873563390E-002  0.14063556457065560     
  -6.0851926977688198E-003  -3.7863421230561092E-002   1.1494252873563144E-002  0.14063556457065596     
  -6.0851926977687374E-003  -3.7863421230561231E-002   1.1494252873563249E-002  0.14063556457065579     
  -6.0851926977687730E-003  -3.7863421230561169E-002   1.1494252873563204E-002  0.14063556457065587     
  -6.0851926977687574E-003  -3.7863421230561196E-002   1.1494252873563225E-002  0.14063556457065585     
